[שקופית1.JPG]
filters=glow2=1,1.000000,250.000000;finetune2=1,0.000000,0.064590,0.000000,00000000,0.508889;PicnikTint=1,80.122810,fff3f8ff;
moddate=00f5d5ca7e79d901
width=1524
height=794
textactive=0
